dim   300   300   300
putBox 134 165 0 86 134 165 0.1 0.1 0.1 1
putBox 136 163 0 172 136 163 0.1 0.1 0.1 1
putBox 140 159 0 258 140 159 0.1 0.1 0.1 1
cutBox 135 164 1 85 135 164 0.1 0.1 0.1 1
cutBox 137 162 1 171 137 162 0.1 0.1 0.1 1
cutBox 141 158 1 257 141 158 0.1 0.1 0.1 1
putEllipsoid 149 255 149 11 20 11 0.1 0.1 0.1 1
cutEllipsoid 149 258 149 11 18 11 0.1 0.1 0.1 1
cutEllipsoid 149 258 159 10 20 1 0.1 0.1 0.1 1
cutEllipsoid 149 258 139 10 20 1 0.1 0.1 0.1 1
cutEllipsoid 159 258 149 1 20 10 0.1 0.1 0.1 1
cutEllipsoid 139 258 149 1 20 10 0.1 0.1 0.1 1
cutBox 134 165 266 268 134 165 0.1 0.1 0.1 1
putBox 157 159 250 261 157 159 0.1 0.1 0.1 1
cutBox 157 158 257 261 157 158 0.1 0.1 0.1 1
putBox 157 159 250 261 139 141 0.1 0.1 0.1 1
cutBox 157 158 257 261 140 141 0.1 0.1 0.1 1
putBox 140 142 250 261 157 159 0.1 0.1 0.1 1
cutBox 141 142 257 261 157 158 0.1 0.1 0.1 1
putBox 140 142 250 261 140 142 0.1 0.1 0.1 1
cutBox 141 142 257 261 141 142 0.1 0.1 0.1 1
putEllipsoid 149 258 149 7 6 6 0.8 0.4 0.2 1
cutEllipsoid 149 258 149 6 5 5 0.8 0.4 0.2 1
putBox 148 151 257 260 154 155 0.2 0.1 0.1 1
putBox 149 150 256 261 154 155 0.1 0.1 0.1 1
putEllipsoid 149 0 149 100 1 100 165 195 162 1